# Created by Octave 4.0.0, Thu Dec 31 12:07:36 2015 PST <jeffreyni@jeffreyni-VirtualBox>
# name: v
# type: matrix
# rows: 1
# columns: 10
 2104 1600 2400 1416 3000 1985 1534 1427 1380 1494


